
const u16 TemTblJ[70]=//1uV 0~700C
{
	    0,  507, 1019, 1536, 2058, 2585, 3115, 3649, 4186, 4725,
	 5268, 5812, 6359, 6907, 7457, 8008, 8560, 9113, 9667,10222,
	10777,11332,11887,12442,12998,13553,14108,14663,15217,15771,
	16325,16879,17432,17984,18537,19089,19640,20192,20743,21295,
	21864,22397,22949,23501,24054,24607,25161,25716,26272,26829,
	27388,27949,28511,29075,29642,30210,30782,31356,31933,32513,
	33096,33683,34273,34867,35464,36066,36671,37280,37893,38510
};
const u16 TemTblK[70]=//1uV 0~700C
{
	    0,  397,  798, 1203, 1611, 2022, 2436, 2850, 3266, 3681,
	 4095, 4508, 4919, 5327, 5733, 6137, 6539, 6939, 7338, 7737,
	 8137, 8537, 8938, 9341, 9745,10151,10560,10969,11381,11793,
	12207,12623,13039,13456,13876,14292,14712,15132,15552,15974,
	16395,16818,17241,17664,18088,18513,18938,19363,19788,20214,
	20640,21066,21493,21919,22346,22772,23198,23624,24050,24476,
	24902,25327,25751,26176,26599,27022,27445,27867,28288,28709
};
//103AT-2
const unsigned int TemTblNTC[]=//ohm -50~110
{
	247700,188500,144100,111300,86430,67770,53410,42470,33900,//-50~-5
	27280,22050,17960,14690,12090,10000,8313, 6940, 5827,4911, //0~45
	4160, 3536, 3020, 2588, 2228, 1924, 1668, 1451, 1266,1108, 	//50~95
	973, 857, 757, 640
	
};

